lf: 0.05
rf: 0.06875
cf: 0.04569
kp_v: 0.8
ki_v: 0.5
kp_c: 3.3
ki_c: 16.5
kFFi: 1.0
kFFv: 1.0
rg: 0.005
lg: 0.02
rt: 0.005
lt: 0.02
s_pf: 0.05
s_qv: 0.5
wq: 5


